digraph {
	1730000000.0
	1730000000.0 -> 25000000.0
	25000000.0
	25000000.0 -> 8000000.0
	8000000.0
	8000000.0 -> 3600000.0
	3600000.0
	3600000.0 -> 800000.0
	800000.0
	800000.0 -> 3500000.0
	3500000.0
	3500000.0 -> 10000000.0
	10000000.0
	3500000.0 -> 650000.0
	650000.0
	650000.0 -> 520000.0
	520000.0
	800000.0 -> 550000.0
	550000.0
	550000.0 -> 2300000.0
	2300000.0
	2300000.0 -> 800000.0
	800000.0
	550000.0 -> 1300000.0
	1300000.0
	1300000.0 -> 850000.0
	850000.0
	3600000.0 -> 1100000.0
	1100000.0
	1100000.0 -> 750000.0
	750000.0
	750000.0 -> 800000.0
	800000.0
	750000.0 -> 1200000.0
	1200000.0
	1100000.0 -> 1800000.0
	1800000.0
	1800000.0 -> 680000.0
	680000.0
	1800000.0 -> 1500000.0
	1500000.0
	1500000.0 -> 1500000.0
	1500000.0
	8000000.0 -> 1000000.0
	1000000.0
	1000000.0 -> 800000.0
	800000.0
	800000.0 -> 1950000.0
	1950000.0
	1950000.0 -> 1783000.0
	1783000.0
	800000.0 -> 1150000.0
	1150000.0
	1150000.0 -> 6000000.0
	6000000.0
	1150000.0 -> 1200000.0
	1200000.0
	1000000.0 -> 1200000.0
	1200000.0
	1200000.0 -> 2800000.0
	2800000.0
	2800000.0 -> 1600000.0
	1600000.0
	1600000.0 -> 1200000.0
	1200000.0
	1600000.0 -> 1400000.0
	1400000.0
	2800000.0 -> 1500000.0
	1500000.0
	1500000.0 -> 2045874.0
	2045874.0
	1500000.0 -> 1419000.0
	1419000.0
	1200000.0 -> 630000.0
	630000.0
	630000.0 -> 2700000.0
	2700000.0
	630000.0 -> 1250000.0
	1250000.0
	1250000.0 -> 1700000.0
	1700000.0
	1250000.0 -> 1200000.0
	1200000.0
	25000000.0 -> 2200000.0
	2200000.0
	2200000.0 -> 1000000.0
	1000000.0
	1000000.0 -> 1700000.0
	1700000.0
	1700000.0 -> 1200000.0
	1200000.0
	1200000.0 -> 1100000.0
	1100000.0
	1100000.0 -> 1250000.0
	1250000.0
	1200000.0 -> 550000.0
	550000.0
	1700000.0 -> 8200000.0
	8200000.0
	8200000.0 -> 1100000.0
	1100000.0
	8200000.0 -> 2500000.0
	2500000.0
	2500000.0 -> 1750000.0
	1750000.0
	1000000.0 -> 590000000.0
	590000000.0
	590000000.0 -> 1550000.0
	1550000.0
	1550000.0 -> 2404292.0
	2404292.0
	590000000.0 -> 1600000.0
	1600000.0
	1600000.0 -> 1600000.0
	1600000.0
	1600000.0 -> 2070000.0
	2070000.0
	2070000.0 -> 8000000.0
	8000000.0
	2200000.0 -> 345000000.0
	345000000.0
	345000000.0 -> 990000.0
	990000.0
	990000.0 -> 1505100.0
	1505100.0
	1505100.0 -> 3500000.0
	3500000.0
	1505100.0 -> 11000000.0
	11000000.0
	990000.0 -> 1620000.0
	1620000.0
	1620000.0 -> 3000000.0
	3000000.0
	1620000.0 -> 9700000.0
	9700000.0
	345000000.0 -> 500000000.0
	500000000.0
	500000000.0 -> 18000000.0
	18000000.0
	18000000.0 -> 360000000.0
	360000000.0
	500000000.0 -> 1400000000.0
	1400000000.0
	1400000000.0 -> 490000000.0
	490000000.0
	490000000.0 -> 2900000000.0
	2900000000.0
	490000000.0 -> 2650000000.0
	2650000000.0
	1400000000.0 -> 1500000000.0
	1500000000.0
	1500000000.0 -> 320000000.0
	320000000.0
	1730000000.0 -> 250000000.0
	250000000.0
	250000000.0 -> 4500000000.0
	4500000000.0
	4500000000.0 -> 125000000.0
	125000000.0
	125000000.0 -> 2800000000.0
	2800000000.0
	2800000000.0 -> 390000000.0
	390000000.0
	390000000.0 -> 500000000.0
	500000000.0
	390000000.0 -> 125000000.0
	125000000.0
	125000000.0 -> 840000000.0
	840000000.0
	2800000000.0 -> 325000000.0
	325000000.0
	325000000.0 -> 500000000.0
	500000000.0
	500000000.0 -> 950000000.0
	950000000.0
	500000000.0 -> 480000000.0
	480000000.0
	325000000.0 -> 480000000.0
	480000000.0
	480000000.0 -> 360000000.0
	360000000.0
	125000000.0 -> 260000000.0
	260000000.0
	260000000.0 -> 1300000000.0
	1300000000.0
	260000000.0 -> 950000000.0
	950000000.0
	950000000.0 -> 270000000.0
	270000000.0
	4500000000.0 -> 370000000.0
	370000000.0
	370000000.0 -> 490000000.0
	490000000.0
	490000000.0 -> 150000000.0
	150000000.0
	150000000.0 -> 220000000.0
	220000000.0
	150000000.0 -> 350000000.0
	350000000.0
	490000000.0 -> 120000000.0
	120000000.0
	120000000.0 -> 165000000.0
	165000000.0
	120000000.0 -> 225000000.0
	225000000.0
	370000000.0 -> 240000000.0
	240000000.0
	240000000.0 -> 950000000.0
	950000000.0
	950000000.0 -> 235000000.0
	235000000.0
	950000000.0 -> 430000000.0
	430000000.0
	240000000.0 -> 1100000000.0
	1100000000.0
	1100000000.0 -> 290000000.0
	290000000.0
	1100000000.0 -> 1030000000.0
	1030000000.0
	250000000.0 -> 361267500.0
	361267500.0
	361267500.0 -> 375000000.0
	375000000.0
	375000000.0 -> 460000000.0
	460000000.0
	460000000.0 -> 250000000.0
	250000000.0
	250000000.0 -> 295000000.0
	295000000.0
	295000000.0 -> 290000000.0
	290000000.0
	295000000.0 -> 280000000.0
	280000000.0
	250000000.0 -> 360000000.0
	360000000.0
	460000000.0 -> 320000000.0
	320000000.0
	320000000.0 -> 320000000.0
	320000000.0
	375000000.0 -> 550000000.0
	550000000.0
	550000000.0 -> 360000000.0
	360000000.0
	360000000.0 -> 330000000.0
	330000000.0
	330000000.0 -> 1483191000.0
	1483191000.0
	330000000.0 -> 540000000.0
	540000000.0
	360000000.0 -> 452000000.0
	452000000.0
	452000000.0 -> 225000000.0
	225000000.0
	452000000.0 -> 350000000.0
	350000000.0
	550000000.0 -> 266000000.0
	266000000.0
	266000000.0 -> 1400000000.0
	1400000000.0
	1400000000.0 -> 910000000.0
	910000000.0
	1400000000.0 -> 550000000.0
	550000000.0
	266000000.0 -> 580000000.0
	580000000.0
	580000000.0 -> 380000000.0
	380000000.0
	361267500.0 -> 460000000.0
	460000000.0
	460000000.0 -> 350000000.0
	350000000.0
	350000000.0 -> 760000000.0
	760000000.0
	760000000.0 -> 545000000.0
	545000000.0
	350000000.0 -> 1175000000.0
	1175000000.0
	1175000000.0 -> 650000000.0
	650000000.0
	650000000.0 -> 900000000.0
	900000000.0
	1175000000.0 -> 2160000000.0
	2160000000.0
	460000000.0 -> 1600000000.0
	1600000000.0
	1600000000.0 -> 1600000000.0
	1600000000.0
	1600000000.0 -> 1300000000.0
	1300000000.0
	1300000000.0 -> 420000000.0
	420000000.0
	1600000000.0 -> 990000000.0
	990000000.0
	1600000000.0 -> 350000000.0
	350000000.0
	350000000.0 -> 370000000.0
	370000000.0
	350000000.0 -> 5750000000.0
	5750000000.0
}
